ID	StromalScore	ImmuneScore	ESTIMATEScore	TumorPurity
TCGA-EE-A2MI-06A-11R-A18U-07	278.851311262172	1561.60031010952	1840.4516213717	0.640886209664032
TCGA-EE-A29P-06A-11R-A18T-07	342.209420249655	2507.61299921727	2849.82241946693	0.520544255427573
TCGA-D3-A3CC-06A-11R-A18S-07	-24.6220314502722	298.71447004723	274.092438596958	0.798967007472014
TCGA-EB-A5SG-06A-11R-A311-07	694.409511531153	3100.0856393896	3794.49515092075	0.397527997878341
TCGA-W3-AA21-06A-11R-A38C-07	-1277.40037546006	121.379813650843	-1156.02056180922	0.90674493063306
TCGA-BF-A1Q0-01A-21R-A18S-07	-798.432898188413	696.284022788191	-102.148875400222	0.830944611540262
TCGA-FS-A1ZQ-06A-11R-A18U-07	-736.737835339271	463.907323621916	-272.830511717355	0.844621340852395
TCGA-DA-A3F3-06A-11R-A20F-07	-716.534935472247	98.1158606204506	-618.419074851796	0.870681329288665
TCGA-D3-A1Q3-06A-11R-A18T-07	-428.814287875288	1448.45578745462	1019.64149957933	0.728505358205963
TCGA-EE-A3JB-06A-11R-A21D-07	520.049158083275	1137.40501179313	1657.4541698764	0.661272685370156
TCGA-D3-A3C6-06A-12R-A18U-07	-297.84477728648	-270.447051733762	-568.291829020241	0.867038729351784
TCGA-FW-A3TV-06A-11R-A239-07	-303.185717538956	672.692764318819	369.507046779863	0.790466210391598
TCGA-GN-A4U7-06A-21R-A32P-07	-1356.82601728999	-494.789647321586	-1851.61566461158	0.945003343604923
TCGA-FS-A4F9-06A-11R-A24X-07	-1204.52865499382	-29.0189428465362	-1233.54759784035	0.911484855696874
TCGA-FS-A1YY-06A-11R-A18T-07	191.726948557508	40.3814868069326	232.10843536444	0.802657943537701
TCGA-EE-A2GH-06A-11R-A18T-07	967.222590983237	2591.56303939465	3558.78563037789	0.429031829702319
TCGA-EB-A51B-01A-11R-A27Q-07	-1418.97212507758	298.324035984704	-1120.64808909287	0.90454324429026
TCGA-ER-A19N-06A-11R-A18S-07	843.957722310322	2576.78074687132	3420.73846918164	0.447246500533676
TCGA-D3-A5GS-06A-11R-A27Q-07	160.433524311173	1221.23871902683	1381.67224333801	0.691089718036567
TCGA-D3-A2JE-06A-11R-A37K-07	-1198.84796031888	-748.246032383052	-1947.09399270193	0.949494176281125
TCGA-EE-A2MD-06A-11R-A18T-07	-609.5348147532	654.957541194933	45.4227264417337	0.818698954500628
TCGA-D9-A6EC-06A-11R-A311-07	-1265.17333722226	-30.3090881347374	-1295.48242535699	0.915186699737552
TCGA-EE-A2MM-06A-11R-A18S-07	-678.304284389024	387.147380213909	-291.156904175115	0.846058467125352
TCGA-ER-A2NG-06A-11R-A18T-07	-32.9763374858562	2432.47979650136	2399.50345901551	0.575806177130177
TCGA-EE-A2GB-06A-11R-A18T-07	-641.779427756492	49.5757549726577	-592.203672783835	0.868782200519258
TCGA-FS-A4F2-06A-11R-A24X-07	-638.99695709149	432.475509921474	-206.521447170016	0.839370499738326
TCGA-EE-A2GP-06A-11R-A18S-07	645.901240985663	1045.97575798733	1691.87699897299	0.657473870118719
TCGA-D3-A3CE-06A-11R-A18S-07	198.271907308227	1767.16806921765	1965.43997652587	0.626695446087748
TCGA-BF-AAP6-01A-11R-A40A-07	-771.252921820584	-32.7999288965017	-804.052850717086	0.883758747203447
TCGA-D3-A1Q4-06A-11R-A18T-07	1431.85832911536	457.145979408198	1889.00430852355	0.635399060591268
TCGA-3N-A9WB-06A-11R-A38C-07	-1308.79836521078	-578.069993364427	-1886.86835857521	0.946683120160294
TCGA-DA-A1HW-06A-11R-A18U-07	-211.783967607969	1996.79515631425	1785.01118870628	0.647111949194682
TCGA-DA-A95Y-06A-11R-A37K-07	-1164.43906163729	88.3181450820649	-1076.12091655523	0.901737080115717
TCGA-EE-A29L-06A-12R-A18S-07	-1795.44679167302	-814.120172619528	-2609.56696429255	0.975473779180408
TCGA-D9-A3Z1-06A-11R-A239-07	-150.850198167063	2106.90678657377	1956.05658840671	0.627768188490816
TCGA-FS-A4F8-06A-11R-A266-07	784.690675865868	2670.15027011688	3454.84094598275	0.442763631370265
TCGA-DA-A1I0-06A-11R-A20F-07	-119.319270948194	1516.8887557254	1397.5694847772	0.689401234387978
TCGA-EB-A97M-01A-11R-A38C-07	-454.93583901882	1050.9670317198	596.03119270098	0.769666522212553
TCGA-BF-AAP8-01A-11R-A40A-07	-757.747895133222	180.331087265386	-577.416807867836	0.867705315480887
TCGA-ER-A2NH-06A-11R-A18S-07	691.849955582232	2890.76960665723	3582.61956223946	0.425869012251094
TCGA-FR-A726-01A-11R-A32P-07	-771.710088063133	-189.349579063217	-961.05966712635	0.894307671672734
TCGA-ER-A42H-01A-11R-A24X-07	-236.664698810136	-221.464723855005	-458.129422665141	0.858868889644047
TCGA-EE-A29X-06A-11R-A18T-07	-173.708468858525	1644.43453248322	1470.7260636247	0.681582856475503
TCGA-D9-A1JX-06A-11R-A18S-07	-276.720919072484	1580.16894610454	1303.44802703206	0.699343105593038
TCGA-D3-A8GD-06A-11R-A37K-07	-136.08766047464	2946.71430591499	2810.62664544035	0.525448137712114
TCGA-DA-A1I7-06A-22R-A18S-07	330.032620998903	541.764965741067	871.79758673997	0.743199230803932
TCGA-FS-A4FB-06A-11R-A266-07	-605.536413145353	-519.594404660429	-1125.13081780578	0.904823613093132
TCGA-WE-AA9Y-06A-12R-A38C-07	921.237472567723	1112.81772557529	2034.05519814301	0.618815105559872
TCGA-WE-A8ZY-06A-11R-A37K-07	-481.843525318926	297.086864327528	-184.756660991398	0.837629644587752
TCGA-HR-A5NC-01A-11R-A27Q-07	-244.767163487767	68.8087261231611	-175.958437364606	0.836923491591433
TCGA-EE-A3AG-06A-31R-A18S-07	-1062.65776808236	-462.394654463699	-1525.05242254606	0.928245945339058
TCGA-BF-A3DM-01A-11R-A20F-07	-905.859291238824	-393.662051343579	-1299.5213425824	0.9154254818384
TCGA-EB-A6QZ-01A-12R-A32P-07	-920.522969135795	-134.211132593442	-1054.73410172924	0.900375551139768
TCGA-EE-A3AF-06A-11R-A18S-07	-61.8161037630106	1361.94714091436	1300.13103715134	0.699691048935024
TCGA-D3-A3C3-06A-12R-A18S-07	-688.133587735875	1395.5230470075	707.389459271625	0.759128058491032
TCGA-XV-A9W5-01A-11R-A38C-07	-314.621813756355	443.615859177283	128.994045420928	0.81159336473199
TCGA-EB-A6R0-01A-12R-A32P-07	-834.630846255103	1364.30725528792	529.676409032816	0.775848452149068
TCGA-D3-A3C7-06A-11R-A18U-07	-78.2125218925702	1711.77322257041	1633.56070067784	0.663899586588657
TCGA-EB-A42Z-01A-12R-A24X-07	-258.507081710711	420.840432173089	162.333350462378	0.808724574707183
TCGA-Z2-AA3S-06A-11R-A39D-07	-930.111569456262	341.47678937473	-588.634780081532	0.868522662813778
TCGA-ER-A19C-06A-11R-A18S-07	-176.022919142424	201.9365811412	25.9136619987767	0.820340000087597
TCGA-D3-A1QA-06A-11R-A18T-07	-828.27466792645	244.413494295619	-583.861173630831	0.868175143064933
TCGA-BF-A5EQ-01A-21R-A27Q-07	307.677790485193	1215.66004089512	1523.33783138031	0.675911500480607
TCGA-BF-A1PU-01A-11R-A18S-07	-553.210003658473	-796.353969550754	-1349.56397320923	0.918357301089619
TCGA-ER-A19S-06A-11R-A18U-07	67.4692501473476	2939.09379723578	3006.56304738313	0.500763440890738
TCGA-D3-A3CB-06A-11R-A18S-07	374.076687600973	3007.44334366581	3381.52003126679	0.452388015288471
TCGA-D3-A8GM-06A-11R-A37K-07	-489.011849373771	1027.60646260157	538.594613227795	0.775021858109187
TCGA-ER-A2NC-06A-11R-A18T-07	804.747828354193	1380.43027116693	2185.17809952113	0.601238654886577
TCGA-D3-A5GO-06A-12R-A27Q-07	-277.912913110109	1418.12409763384	1140.21118452373	0.71626790209925
TCGA-BF-A5ER-01A-12R-A27Q-07	-675.36436547994	11.0647456305913	-664.299619849349	0.873974020147852
TCGA-EE-A2GK-06A-11R-A18S-07	586.475993394233	3612.56415795066	4199.04015134489	0.342370520810508
TCGA-EE-A2ME-06A-11R-A18T-07	1171.25693814638	3366.44396814839	4537.70090629477	0.295259646066627
TCGA-YG-AA3O-06A-11R-A38C-07	-496.666684157451	411.527111224181	-85.1395729332701	0.829552933094002
TCGA-QB-AA9O-06A-11R-A39D-07	-651.874905798459	1533.69353753888	881.818631740423	0.742214242830294
TCGA-ER-A19T-06A-11R-A18U-07	-169.235363197399	1065.27466265043	896.039299453035	0.740813709745866
TCGA-ER-A2NF-06A-11R-A18T-07	-936.642080867961	888.363162556194	-48.2789183117665	0.826519308845006
TCGA-QB-A6FS-06A-11R-A311-07	58.8225449821115	1949.64898878909	2008.4715337712	0.62176072784689
TCGA-D3-A1QA-07A-11R-A37K-07	-933.935168146664	632.41016615286	-301.525001993804	0.846868805615296
TCGA-DA-A95V-06A-11R-A37K-07	-487.8419670673	1422.27724768458	934.435280617276	0.737016146230293
TCGA-EB-A5VV-06A-11R-A32P-07	593.563316326182	3776.02406445956	4369.58738078575	0.318744293988748
TCGA-EE-A2A5-06A-11R-A18T-07	-136.928748291489	-96.5493651251386	-233.478113416627	0.841514748532149
TCGA-EE-A29D-06A-11R-A18T-07	-920.634914400917	-269.978345676215	-1190.61326007713	0.9088744388719
TCGA-EE-A3J7-06A-11R-A20F-07	-1209.18624986699	-183.438250826148	-1392.62450069313	0.920840404682446
TCGA-XV-A9W2-01A-11R-A39D-07	-1036.22805998368	8.87437121735211	-1027.35368876633	0.898619506878708
TCGA-ER-A19J-06A-11R-A18S-07	308.399470831966	379.230143410521	687.629614242488	0.761012928288356
TCGA-DA-A1HY-06A-11R-A18T-07	-57.6348307183001	57.5440504384599	-0.090780279840196	0.822516955517039
TCGA-EB-A3Y6-01A-21R-A239-07	60.3910337851959	509.109140833392	569.500174618588	0.77214707301392
TCGA-FR-A7U9-06A-11R-A352-07	904.46386055564	1992.79223956854	2897.25610012418	0.514586678852534
TCGA-ER-A42L-06A-11R-A24X-07	700.113924806852	2651.81951177801	3351.93343658486	0.456256888595282
TCGA-ER-A19M-06A-61R-A239-07	554.685453006952	1865.16574418601	2419.85119719296	0.573361636054945
TCGA-FS-A1ZD-06A-11R-A18T-07	-6.43278021135462	57.1471735238308	50.7143933124762	0.818252676820235
TCGA-D9-A3Z4-01A-11R-A239-07	-97.1303905825808	1121.37495198534	1024.24456140276	0.728042326734219
TCGA-EB-A4P0-01A-41R-A266-07	-405.924936951781	394.781197852887	-11.1437390988938	0.823438623517716
TCGA-D3-A5GN-06A-11R-A27Q-07	54.5219611630495	858.491397102267	913.013358265317	0.739137781401106
TCGA-LH-A9QB-06A-11R-A38C-07	-507.922241461488	-228.211164576621	-736.13340603811	0.879049613527075
TCGA-RP-A693-06A-13R-A311-07	-58.4101558953972	1577.69905092642	1519.28889503103	0.676349397139135
TCGA-D3-A51H-06A-12R-A266-07	107.168516773578	3349.82487194272	3456.9933887163	0.442480313131861
TCGA-WE-AAA4-06A-12R-A38C-07	581.766176295216	2825.35539892573	3407.12157522095	0.449033355962448
TCGA-EE-A181-06A-11R-A18S-07	-583.551431280867	1974.56483752949	1391.01340624862	0.690098026386728
TCGA-WE-A8ZR-06A-11R-A37K-07	-1141.3042610904	351.031324645166	-790.27293644523	0.882810417224226
TCGA-EB-A5FP-01A-11R-A27Q-07	-1370.50733554981	-555.047462070586	-1925.5547976204	0.948497337998363
TCGA-EE-A29W-06A-11R-A18U-07	558.569909268385	-382.043904640459	176.526004627926	0.807497439513081
TCGA-EE-A29B-06A-11R-A18U-07	-848.686759426783	490.37629032856	-358.310469098223	0.851272141099231
TCGA-WE-A8ZT-06A-11R-A37K-07	-1186.8949461659	-147.770826507495	-1334.6657726734	0.91748964183582
TCGA-WE-A8JZ-06A-11R-A37K-07	-702.579569333465	-80.0711267326649	-782.65069606613	0.882284304918053
TCGA-EE-A2MP-06A-11R-A18S-07	-293.252899861827	1408.05353274311	1114.80063288128	0.718865784217182
TCGA-EE-A29C-06A-21R-A18S-07	506.730831945893	495.282466933921	1002.01329887981	0.730275537587117
TCGA-EB-A4OY-01A-11R-A266-07	-813.489685366712	716.545216531024	-96.9444688356879	0.830519343529722
TCGA-3N-A9WC-06A-11R-A38C-07	-76.4608479112996	2207.95054440542	2131.48969649412	0.607517253841692
TCGA-ER-A3PL-06A-11R-A239-07	199.512774801774	346.990357345615	546.50313214739	0.774287736745769
TCGA-BF-AAP0-06A-11R-A39D-07	572.602164007469	2579.7147596638	3152.31692367127	0.482131092280206
TCGA-FS-A4F5-06A-11R-A266-07	-734.666807260663	-77.863572504058	-812.530379764721	0.884340372191794
TCGA-D3-A51J-06A-11R-A266-07	193.860051719947	2371.97469505867	2565.83474677862	0.555674765397171
TCGA-WE-A8ZM-06A-11R-A37K-07	-328.208496598688	-787.251360902882	-1115.45985750157	0.904218261404847
TCGA-D3-A1Q6-06A-11R-A18T-07	-984.899627664953	477.974145591966	-506.925482072987	0.862515526972334
TCGA-EB-A4XL-01A-11R-A27Q-07	-255.99743005127	851.086587870404	595.089157819133	0.769754799050721
TCGA-GN-A264-06A-11R-A18U-07	120.361182762375	139.598335611836	259.959518374211	0.800212868759618
TCGA-EE-A3JD-06A-11R-A20F-07	329.211532816958	2961.69247382577	3290.90400664273	0.464210100349843
TCGA-D9-A4Z2-01A-11R-A24X-07	-259.108950618844	61.440867370076	-197.668083248768	0.838663396626499
TCGA-DA-A1I8-06A-11R-A18T-07	-528.590204834465	581.803207946008	53.2130031115427	0.818041782616688
TCGA-ER-A19G-06A-11R-A18U-07	-245.646820574238	1901.60540703707	1655.95858646283	0.66143735212227
TCGA-FR-A728-01A-11R-A32P-07	26.5768481089077	1888.91970026683	1915.49654837574	0.632391430794061
TCGA-DA-A1HV-06A-21R-A18S-07	-495.624581032148	2062.77434710265	1567.1497660705	0.671157957617804
TCGA-ER-A19W-06A-41R-A239-07	507.539549834817	3052.19835917739	3559.73790901221	0.428905560600084
TCGA-EE-A2GM-06B-11R-A18S-07	-840.106209447269	6.15928027239735	-833.946929174872	0.885803613745086
TCGA-D3-A8GS-06A-12R-A37K-07	-794.166922022301	2123.78595541042	1329.61903338812	0.696592029410444
TCGA-EE-A17Y-06A-11R-A18T-07	-428.501170866329	-355.286966046219	-783.788136912547	0.88236288498423
TCGA-EE-A2MK-06A-11R-A18S-07	55.0124341753316	1679.4299817692	1734.44241594453	0.652753258348192
TCGA-BF-AAOX-01A-11R-A39D-07	-1318.72318842464	-198.386122954178	-1517.10931137882	0.927811617087423
TCGA-EE-A20B-06A-11R-A18U-07	468.192599611846	1091.43526504271	1559.62786465456	0.671976054207488
TCGA-EB-A4IS-01A-21R-A266-07	353.273263919893	2174.11146968929	2527.38473360918	0.560358323477301
TCGA-W3-A824-06A-21R-A352-07	-677.948117518256	1667.63539314007	989.687275621817	0.731510381576655
TCGA-W3-AA1V-06B-11R-A40A-07	-89.6426624363213	1273.82296981251	1184.18030737619	0.711749140098996
TCGA-W3-AA1R-06A-11R-A39D-07	-1432.55209090042	533.603889233142	-898.948201667274	0.890191025675585
TCGA-GN-A26A-06A-11R-A18T-07	284.408862593301	1725.00225190999	2009.4111145033	0.621652702340346
TCGA-EE-A20H-06A-11R-A18S-07	-977.707059468131	-700.235538902451	-1677.94259837058	0.936359362921293
TCGA-FR-A729-06A-11R-A352-07	-53.0259767868568	2356.0635488971	2303.03757211024	0.587325145321827
TCGA-EE-A2M5-06A-12R-A18S-07	-526.809838618581	1278.92175980217	752.111921183592	0.754838472058826
TCGA-BF-AAP4-01A-11R-A40A-07	-322.972657135462	1431.56527470823	1108.59261757277	0.719498950257619
TCGA-D3-A3ML-06A-11R-A21D-07	-1508.28043838126	-913.623225863742	-2421.903664245	0.969040980771581
TCGA-D3-A8GJ-06A-11R-A37K-07	-137.088689225535	2633.64926044076	2496.56057121523	0.564100100492182
TCGA-EE-A20F-06A-21R-A18S-07	-370.610889336461	1305.81276091056	935.201871574096	0.736940087592616
TCGA-EE-A185-06A-11R-A18S-07	-1526.80903271062	-840.282927847518	-2367.09196055814	0.967023149290246
TCGA-ER-A3EV-06A-11R-A20F-07	-557.597028872309	682.181796947238	124.584768074929	0.811971321646449
TCGA-D3-A2JN-06A-11R-A18S-07	437.241185059839	1587.68468554414	2024.92587060398	0.619867231106995
TCGA-XV-A9VZ-01A-11R-A38C-07	-508.653335190948	-632.008007844439	-1140.66134303539	0.905791927170307
TCGA-ER-A19L-06A-12R-A18S-07	232.048435377815	32.0899458449919	264.138381222807	0.799844847244859
TCGA-FS-A1ZG-06A-11R-A18T-07	-1255.69419589832	-397.124466052091	-1652.81866195041	0.935058386227928
TCGA-FR-A3YO-06A-11R-A239-07	-182.46980173172	894.170432128273	711.700630396553	0.758715971380638
TCGA-FW-A3I3-06A-11R-A21D-07	-1362.66376771581	-435.365240164146	-1798.02900787996	0.942401509104447
TCGA-D3-A3MO-06A-11R-A21D-07	-625.054425035968	-214.03082142983	-839.085246465798	0.886153377082308
TCGA-ER-A198-06A-11R-A18T-07	-440.478600231026	1241.64226610461	801.163665873582	0.750096240101231
TCGA-WE-AAA0-06A-11R-A38C-07	-875.791591240376	1025.81108085263	150.019489612257	0.809786420737514
TCGA-D9-A4Z3-01A-11R-A266-07	-608.357840142756	266.888943518452	-341.468896624304	0.849972344931909
TCGA-EE-A2MH-06A-11R-A18S-07	-328.708481042169	1971.82045383464	1643.11197279247	0.662850476441966
TCGA-D9-A4Z6-06A-12R-A266-07	-684.008834203779	-181.002587466375	-865.011421670154	0.887910469139573
TCGA-BF-A5ES-01A-11R-A27Q-07	-110.222848952703	926.411308469492	816.188459516789	0.748635879474033
TCGA-D3-A3C1-06A-12R-A18S-07	-528.641089132639	881.315536654771	352.674447522132	0.791977193478583
TCGA-EE-A29Q-06A-11R-A18T-07	-1093.83839787952	-206.769015750673	-1300.60741363019	0.915489635821357
TCGA-D3-A3MU-06A-11R-A21D-07	221.456336209242	852.814164774996	1074.27050098424	0.722988724104798
TCGA-FS-A1ZM-06A-12R-A18S-07	714.318144920143	1867.48101131728	2581.79915623742	0.55372494746706
TCGA-EB-A5SF-01A-11R-A311-07	-215.982688755481	189.604754436185	-26.377934319296	0.824705397246047
TCGA-EB-A44R-06A-41R-A266-07	-249.941969168548	824.701819422126	574.759850253578	0.771656242547741
TCGA-ER-A19A-06A-21R-A18U-07	1729.28012202055	3205.64993376802	4934.93005578857	0.239080363728619
TCGA-D3-A3BZ-06A-12R-A18S-07	1356.14594462482	2147.66390854072	3503.80985316554	0.436307151336375
TCGA-ER-A197-06A-32R-A18S-07	313.758358464776	2165.54903891707	2479.30739738184	0.566189445021487
TCGA-EE-A3J8-06A-11R-A20F-07	-1349.92336085533	-851.920140282331	-2201.84350113766	0.960561414284319
TCGA-WE-A8K6-06A-11R-A37K-07	-633.545465451656	165.221353928332	-468.324111523323	0.859634408819592
TCGA-FS-A1Z7-06A-11R-A18T-07	1020.26371301571	863.180464056599	1883.44417707231	0.636029076699176
TCGA-YD-A9TB-06A-12R-A40A-07	383.559663981973	882.654111982132	1266.2137759641	0.703239344429508
TCGA-EB-A24D-01A-11R-A18T-07	-567.980522401117	298.406678488915	-269.573843912202	0.844365318302685
TCGA-DA-A1I5-06A-11R-A18T-07	635.102874977318	2268.23865881828	2903.3415337956	0.513820548763996
TCGA-DA-A95X-06A-11R-A37K-07	-366.451919505297	738.174327565546	371.722408060249	0.790266988293532
TCGA-EE-A2A6-06A-11R-A18T-07	-675.383843702892	1819.57058715264	1144.18674344975	0.715860553027438
TCGA-XV-AAZV-01A-11R-A40A-07	149.997332657606	1942.11242743461	2092.10976009222	0.6120985811903
TCGA-FS-A1ZE-06A-11R-A18T-07	-661.346896340497	-629.236446966679	-1290.58334330718	0.914896632684415
TCGA-EB-A41B-01A-11R-A24X-07	-1333.26725682579	-41.404162397478	-1374.67141922327	0.919809598712385
TCGA-ER-A194-01A-11R-A18U-07	68.31798037605	1524.09833898072	1592.41631935677	0.668403933764909
TCGA-DA-A1I1-06A-12R-A18U-07	406.559139022887	1712.50962273427	2119.06876175716	0.608964461880047
TCGA-D3-A1QB-06A-11R-A18T-07	-120.827097864819	2466.69646105605	2345.86936319124	0.582225010411799
TCGA-EE-A2MN-06A-11R-A18S-07	-437.326817078044	1690.03648470146	1252.70966762341	0.704647246309893
TCGA-GN-A26C-01A-11R-A18T-07	411.1998021988	2490.96579544618	2902.16559764498	0.513968626076516
TCGA-EE-A3JI-06A-11R-A21D-07	-1044.56080239984	333.719595885238	-710.8412065146	0.877273649829934
TCGA-W3-AA1Q-06A-11R-A38C-07	-539.479874171117	1106.40586771841	566.925993547289	0.772387126651476
TCGA-EE-A29V-06A-12R-A18S-07	-699.247424796877	-238.443050346816	-937.690475143692	0.892767504701656
TCGA-D3-A2JK-06A-11R-A18S-07	33.0295089654851	921.622371938286	954.651880903771	0.735007202288486
TCGA-ER-A42K-06A-11R-A24X-07	-462.646820158633	153.597894714679	-309.048925443954	0.847455624119962
TCGA-EB-A3XD-01A-22R-A239-07	543.894375643007	1684.91016248296	2228.80453812597	0.596109236331827
TCGA-ER-A2ND-06A-11R-A18T-07	-913.488925110449	553.527616249408	-359.961308861041	0.851399269497178
TCGA-Z2-A8RT-06A-11R-A37K-07	-371.153021059615	1555.07998387801	1183.92696281839	0.711775261742526
TCGA-EE-A180-06A-11R-A21D-07	-552.05857275253	-22.8598664885008	-574.91843924103	0.867522962608641
TCGA-EE-A2MG-06A-11R-A18T-07	827.502791277931	2734.89638132873	3562.39917260666	0.428552641127893
TCGA-D3-A1Q8-06A-11R-A18T-07	926.169867446608	1175.54902558048	2101.71889302709	0.61098256809248
TCGA-GF-A6C8-06A-12R-A311-07	-420.832883473811	1062.68461242393	641.851728950114	0.765355005997202
TCGA-BF-A1PZ-01A-11R-A18S-07	-1060.40434036672	104.846464140763	-955.557876225959	0.893946017798267
TCGA-EE-A3AD-06A-11R-A18S-07	-1425.65425326619	-349.795601457364	-1775.44985472355	0.941287736117412
TCGA-ER-A2NE-06A-21R-A18T-07	-1572.12883864737	-413.438915926647	-1985.56775457401	0.95125112463125
TCGA-D3-A5GT-01A-12R-A311-07	-1210.98451187678	-480.431256710555	-1691.41576858734	0.937051790676022
TCGA-ER-A19D-06A-11R-A18S-07	1142.30630243467	1413.52968982852	2555.83599226318	0.556894412858113
TCGA-EB-A431-01A-11R-A266-07	-1108.7078555003	-75.7847257601703	-1184.49258126047	0.908499357929596
TCGA-GN-A9SD-06A-11R-A40A-07	251.800856931564	2318.41809531733	2570.2189522489	0.555139602631548
TCGA-W3-A825-06A-11R-A352-07	130.495502586056	1554.63432076059	1685.12982334664	0.65821979686034
TCGA-FR-A8YD-06A-11R-A37K-07	-1037.36823458059	260.796067361151	-776.572167219442	0.881863953069519
TCGA-BF-A1PX-01A-12R-A18T-07	495.088532439301	2193.54228043164	2688.63081287094	0.540599297144463
TCGA-BF-AAP1-01A-11R-A39D-07	-1050.36695644977	-348.77763425499	-1399.14459070476	0.921213183845002
TCGA-D3-A5GL-06A-11R-A27Q-07	-916.902660122599	-136.957355313546	-1053.86001543614	0.900319716158128
TCGA-EE-A29M-06A-11R-A18T-07	-884.103640518354	1299.57381358011	415.470173061753	0.786315764740968
TCGA-D3-A2J7-06A-11R-A18T-07	204.886586250118	1201.46590334645	1406.35248959656	0.68846676009347
TCGA-D3-A51G-06A-11R-A266-07	-39.0809686070256	396.433321165408	357.352352558383	0.791557764734884
TCGA-FS-A1ZP-06A-11R-A18T-07	448.75224165538	997.709091060981	1446.46133271636	0.684184828604661
TCGA-EE-A29E-06A-11R-A18T-07	-1224.56885404401	-199.494520804362	-1424.06337484837	0.922630110561708
TCGA-FW-A5DX-01A-11R-A27Q-07	-995.166734375789	-373.418413922876	-1368.58514829866	0.919458695149193
TCGA-EB-A44P-01A-11R-A266-07	-761.071114310286	215.97971925695	-545.091395053337	0.865336918706747
TCGA-FW-A5DY-06A-11R-A311-07	-80.6597518455293	2625.1755415341	2544.51578968857	0.558273802406304
TCGA-WE-A8ZX-06A-11R-A37K-07	-468.365200498846	1666.96238316268	1198.59718266383	0.710261036052902
TCGA-GF-A4EO-06A-12R-A24X-07	235.240185739421	3033.25682481179	3268.49701055121	0.467120811225958
TCGA-D3-A5GR-06A-11R-A27Q-07	206.02731787309	1924.89499405353	2130.92231192662	0.607583405925487
TCGA-EE-A2GN-06A-11R-A18S-07	-102.196028737721	73.7512706265355	-28.444758111185	0.824876942914538
TCGA-FR-A8YE-06A-11R-A37K-07	574.403044345321	2942.23171140265	3516.63475574797	0.434612467630074
TCGA-D3-A2JL-06A-11R-A18S-07	-508.893603140797	1872.76692059315	1363.87331745236	0.692975718241099
TCGA-EB-A44N-01A-11R-A266-07	-124.421941326204	1107.99309297163	983.571151645431	0.732122217612832
TCGA-IH-A3EA-01A-11R-A20F-07	-1058.67827883389	658.088904557399	-400.589374276492	0.854512194462082
TCGA-EE-A2GR-06A-11R-A18S-07	-1026.05367532648	-728.95693840296	-1755.01061372944	0.940270602793459
TCGA-EE-A183-06A-11R-A18S-07	-5.56317622886601	1950.61668101369	1945.05350478483	0.629024583030158
TCGA-FS-A4FC-06A-11R-A24X-07	-273.938363848379	455.570868285531	181.632504437152	0.807055060129516
TCGA-EB-A85I-01A-11R-A352-07	-388.468919110114	1277.80926390044	889.340344790326	0.741473863822179
TCGA-D3-A51F-06A-11R-A266-07	1201.54457318434	3400.4917535572	4602.03632674154	0.28622394842584
TCGA-WE-A8ZN-06A-11R-A37K-07	530.556811976439	1873.95015701205	2404.50696898848	0.575205539767744
TCGA-D3-A8GP-06A-11R-A37K-07	-1287.25921847459	-307.72241245085	-1594.98163092544	0.932015141733978
TCGA-EB-A5UN-06A-11R-A311-07	-781.497821973986	431.299582528249	-350.198239445737	0.850646705703548
TCGA-FR-A3YN-06A-11R-A239-07	-687.674725080464	916.431402859929	228.756677779465	0.802951294157104
TCGA-DA-A3F8-06A-11R-A20F-07	259.175646927369	2984.83880572682	3244.01445265419	0.47029536319818
TCGA-XV-AAZY-01A-12R-A40A-07	-131.791611981963	1430.02110509333	1298.22949311137	0.69989044100772
TCGA-EE-A17Z-06A-11R-A18S-07	-1022.60339552258	-739.463662109327	-1762.0670576319	0.940622715003394
TCGA-GN-A26D-06A-11R-A18T-07	-1039.45241028393	128.838010719215	-910.61439956472	0.890969896498686
TCGA-D3-A8GB-06A-11R-A37K-07	888.94420436697	2423.15965227485	3312.10385664182	0.461451576164498
TCGA-EE-A2MT-06A-11R-A18S-07	-1305.89687094295	146.611390541176	-1159.28548040177	0.906946917328703
TCGA-EE-A2A1-06A-11R-A18T-07	922.095330162232	2148.42030172559	3070.51563188783	0.492615826088235
TCGA-EE-A2MF-06A-11R-A21D-07	-808.026100045597	712.54653083163	-95.4795692139667	0.830399554665206
TCGA-EE-A3J3-06A-11R-A20F-07	447.719790954483	895.096057270185	1342.81584822467	0.69520088887356
TCGA-EE-A2MR-06A-11R-A18S-07	558.747485216212	2867.95584209963	3426.70332731585	0.446463208216156
TCGA-D3-A8GQ-06A-11R-A37K-07	-556.26854573454	99.5643087500512	-456.704236984488	0.858761719180283
TCGA-RP-A6K9-06A-41R-A352-07	53.4708165644834	1242.71387920364	1296.18469576812	0.700104793486926
TCGA-D9-A6EG-06A-12R-A32P-07	-510.854925929956	-422.66150882848	-933.516434758435	0.892491304641506
TCGA-DA-A1IA-06A-11R-A18S-07	-1307.97258196688	-20.5889265479041	-1328.56150851479	0.917132866911501
TCGA-GN-A262-06A-11R-A18T-07	-1593.57236788729	-1008.16146267167	-2601.73383055895	0.975220042523338
TCGA-EE-A2M7-06A-11R-A18U-07	-48.3733098143597	1077.50652971827	1029.13321990391	0.727550202556571
TCGA-RP-A695-06A-11R-A311-07	-892.953138059733	484.15742032806	-408.795717731674	0.855137279259305
TCGA-FS-A1YW-06A-11R-A18T-07	-724.310844149165	197.411641598332	-526.899202550833	0.863995454122791
TCGA-EE-A3AC-06A-11R-A18S-07	-989.355156664949	1401.88278361346	412.527626948512	0.786582549471856
TCGA-DA-A1IC-06A-11R-A18S-07	-285.969333358533	524.839685644599	238.870352286067	0.802065539592625
TCGA-D3-A51R-06A-11R-A266-07	-876.782058500829	-1472.20054172382	-2348.98260022465	0.966342709303437
TCGA-D3-A3CF-06A-11R-A18T-07	373.279215534908	2241.44958759649	2614.7288031314	0.549693482333393
TCGA-EE-A3JE-06A-11R-A20F-07	1533.02987514057	2898.09077026226	4431.12064540283	0.310170160532751
TCGA-D3-A8GN-06A-11R-A37K-07	-164.42029693893	1882.65049536068	1718.23019842175	0.654554248591852
TCGA-EB-A85J-01A-12R-A352-07	-836.702233603589	2006.2754958075	1169.57326220391	0.71325362251061
TCGA-EE-A17X-06A-11R-A18S-07	-1026.88087533097	230.542484413483	-796.338390917484	0.883228285423364
TCGA-D3-A1Q5-06A-11R-A18T-07	-304.123185728561	-810.921917923424	-1115.04510365198	0.904192259218135
TCGA-FS-A4FD-06A-11R-A266-07	32.0144165529936	64.943625593068	96.9580421460616	0.814331696402119
TCGA-GN-A8LN-01A-11R-A37K-07	-665.535468086466	411.007899251613	-254.527568834853	0.843179952955884
TCGA-D9-A6E9-06A-12R-A311-07	176.779410541441	2793.56985798859	2970.34926853004	0.505357584188631
TCGA-D9-A3Z3-06A-11R-A239-07	198.109600766545	1634.63054423066	1832.7401449972	0.641754728390138
TCGA-BF-A9VF-01A-11R-A37K-07	-1352.52157745012	-393.564784675294	-1746.08636212541	0.939823843489001
TCGA-GN-A4U9-06A-11R-A32P-07	-680.603456673083	86.6334886093763	-593.969968063707	0.868910561188921
TCGA-EE-A3JH-06A-11R-A21D-07	874.711886329107	3125.66127078218	4000.37315711129	0.369620672602567
TCGA-Z2-AA3V-06A-11R-A39D-07	124.983682909977	2432.81824879416	2557.80193170414	0.556654702349981
TCGA-GN-A268-06A-11R-A18T-07	-1279.56126324862	-458.387750981627	-1737.94901423024	0.93941507182628
TCGA-YG-AA3N-01A-11R-A38C-07	-485.507810022222	1911.40487453225	1425.89706451003	0.686383196365432
TCGA-EE-A3JA-06A-11R-A20F-07	200.77780208797	1318.46342394892	1519.24122603689	0.676354551167577
TCGA-D3-A3MV-06A-11R-A21D-07	-583.080664486786	-16.0240781554574	-599.104742642244	0.869283385114604
TCGA-FR-A3R1-01A-11R-A239-07	-656.279390196153	651.620504673388	-4.65888552276488	0.822898136652756
TCGA-BF-AAOU-01A-12R-A39D-07	-328.702299684985	671.832545830422	343.130246145437	0.792831784068151
TCGA-FR-A44A-06A-11R-A24X-07	413.616471151469	2856.38385495868	3270.00032611015	0.466925685506078
TCGA-D3-A8GK-06A-11R-A37K-07	-1586.77195253497	-722.42164176489	-2309.19359429986	0.964823702893971
TCGA-FS-A1ZC-06A-11R-A18T-07	-673.022184768871	-618.250683152118	-1291.27286792099	0.914937486980877
TCGA-3N-A9WD-06A-11R-A38C-07	-518.6980190286	1426.64448076293	907.94646173433	0.739638540733228
TCGA-D3-A8GL-06A-11R-A37K-07	-1251.1301704962	-948.634709057465	-2199.76487955367	0.960476526173657
TCGA-EB-A41A-01A-11R-A24X-07	-1141.91357694847	-31.0128086939273	-1172.92638564239	0.90778856859612
TCGA-D3-A51K-06A-11R-A266-07	-708.101692666623	1243.11496646332	535.013273796699	0.775353958351332
TCGA-EE-A29N-06A-12R-A18S-07	-109.034463861332	1985.19986476309	1876.16540090175	0.636853191287949
TCGA-ER-A19T-01A-11R-A18T-07	-744.650972290693	-1024.47815880845	-1769.12913109914	0.940974097732289
TCGA-EB-A1NK-01A-11R-A18T-07	-186.585596376756	526.369608811159	339.784012434403	0.793131038468789
TCGA-D9-A1X3-06A-11R-A18S-07	-823.922173274308	-687.543609899028	-1511.46578317334	0.927502263252391
TCGA-GN-A4U4-06A-11R-A32P-07	-1290.57681757344	-63.4021343040129	-1353.97895187745	0.918613582472753
TCGA-XV-AAZW-01A-12R-A40A-07	-589.425440261994	-318.752074131274	-908.177514393268	0.890807418447638
TCGA-EE-A29H-06A-12R-A18S-07	-559.472205777618	1004.13387044785	444.66166467023	0.783661191782953
TCGA-EE-A2A0-06A-11R-A18T-07	1901.1547043844	2080.06875120815	3981.22345559254	0.372231098865828
TCGA-D3-A2JB-06A-11R-A18T-07	-181.236753490997	2734.74095877671	2553.50420528572	0.557178671683497
TCGA-FR-A69P-06A-21R-A311-07	101.373246422688	-91.2148836296747	10.158362793013	0.821660380202125
TCGA-EE-A2GE-06A-11R-A18T-07	1401.21357150382	2535.33506207641	3936.54863358023	0.378309558121724
TCGA-FS-A4F4-06A-12R-A266-07	483.466663177909	1276.01280724263	1759.47947042054	0.649964671456182
TCGA-ER-A19Q-06A-11R-A18U-07	551.450472324318	1990.20179262921	2541.65226495353	0.558622484546937
TCGA-EE-A3AB-06A-11R-A18S-07	300.924484485113	1699.53705038209	2000.46153486721	0.622681173304035
TCGA-XV-AB01-06A-12R-A40A-07	110.492635885163	1069.79657819309	1180.28921407825	0.712150231204933
TCGA-FS-A1ZB-06A-12R-A18S-07	824.445742861321	1504.83364201317	2329.27938487449	0.584203180438746
TCGA-DA-A95Z-06A-11R-A37K-07	-1068.15445987864	197.16913063599	-870.985329242654	0.888313516156325
TCGA-FR-A7U8-06A-21R-A352-07	-1103.39884948027	-348.041429543956	-1451.44027902422	0.924172578824343
TCGA-EE-A2GC-06A-11R-A18T-07	186.77249632553	1770.24728413686	1957.01978046239	0.627658127756003
TCGA-D3-A8GI-06A-11R-A37K-07	241.617796059695	427.560408944539	669.178205004235	0.762767207647186
TCGA-D3-A8GC-06A-11R-A37K-07	-941.824986255019	458.363247355442	-483.461738899577	0.860767541330681
TCGA-D3-A8GE-06A-11R-A37K-07	1005.39361802231	1556.61893668774	2562.01255471005	0.556141137623337
TCGA-FS-A1ZT-06A-11R-A18U-07	-101.224746077615	1574.41906699461	1473.194320917	0.681317693558207
TCGA-FW-A3TU-06A-11R-A239-07	-1325.15785424573	945.196330262098	-379.961523983629	0.852935478364046
TCGA-BF-A3DJ-01A-11R-A20F-07	-75.6137576920241	1199.8506853764	1124.23692768438	0.717902217337558
TCGA-DA-A960-01A-11R-A37K-07	-1385.23606662309	-171.711419972834	-1556.94748659593	0.929977250312867
TCGA-D3-A51T-06A-11R-A266-07	-842.421862033448	875.007305130965	32.5854430975171	0.819779545589939
TCGA-D9-A149-06A-11R-A18S-07	-229.43667679859	1395.34861670053	1165.91193990194	0.713630214172872
TCGA-BF-A5EP-01A-12R-A27Q-07	-726.450056740702	-262.152462146208	-988.60251888691	0.896109395513988
TCGA-D3-A2J9-06A-11R-A18T-07	466.367997294828	3227.82733638368	3694.1953336785	0.410993966374207
TCGA-D9-A6EA-06A-11R-A311-07	-1275.53845573693	-34.6608093294099	-1310.19926506634	0.916055214062072
TCGA-EB-A5UL-06A-11R-A311-07	-869.958599757399	1366.14337429634	496.184774538939	0.778940779065812
TCGA-WE-A8K5-06A-11R-A37K-07	116.611931472619	785.340524741646	901.952456214265	0.740230397549392
TCGA-EB-A5UM-01A-11R-A311-07	-724.021537033746	1425.14157171401	701.120034680264	0.75972678444068
TCGA-ER-A193-06A-12R-A18S-07	583.328413420926	1754.81237489301	2338.14078831394	0.583146987130285
